 Boundary values for 2D Burgers
 COLUMNS = "Imp u" "Imp w" "Calc u" "Calc w"
   3.9506499999999991      -0.38796999999999993        4.7636296990420934       -4.2452677128592409E-002
   4.2008999999999990      -0.34814999999999996        4.6458491673878166       0.15216031177581721     
   4.1933999999999987        3.0848999999999998E-002   4.1896192346350007        2.6858217198953423E-002
   4.6523999999999992       0.15378899999999995        4.1978633580301121      -0.34015545243029244     
   4.7732999999999981       -4.9634999999999992E-002   4.1928277986664186      -0.38927155832733851     
   4.7732999999999981       -4.9634999999999992E-002   4.6778413610100076      -0.39867773180159993     
   4.7735999999999992      -0.24998699999999996        4.9059340413706005      -0.35810281234117486     
   4.7969999999999988      -0.33836999999999995        4.7893378705409599      -0.33121491715214069     
   4.9112999999999989      -0.36215999999999993        4.7711491907343069      -0.24176745415847617     
   4.9028999999999989      -0.40955999999999998        4.9076088995122316       -1.7465516282534038E-002
   4.9028999999999989      -0.40955999999999998        5.1859461567011564        3.2106596595441940E-002
   4.7849999999999993      -0.41753999999999997        5.1474722446884442       0.25958866698511263     
   4.6097999999999999       -5.6987999999999990E-002   4.6012725936143246       -5.3702501847250457E-002
   5.1494999999999989       0.26068199999999991        4.7802866002373277      -0.41175035649381525     
   5.3225999999999996        6.1112999999999987E-002   4.9274494438187011      -0.41917352777631661     
   5.3225999999999996        6.1112999999999987E-002   4.9822858393580667      -0.45134650761300976     
   5.3084999999999987      -0.18606599999999995        5.0668617097416222      -0.43867172084014355     
   5.1650999999999998      -0.39218999999999993        5.1564092062257592      -0.38493114360014907     
   5.0750999999999982      -0.44384999999999991        5.3082980608917936      -0.17907292109095346     
   5.0097000000000005      -0.46934999999999999        5.4114186093533236        5.4845600823864173E-002
   5.0097000000000005      -0.46934999999999999        5.5983282794183680        4.9758028649877883E-002
   4.9052999999999995      -0.42569999999999991        5.5501833880702156       0.29533726381273168     
   4.9124999999999979        4.9730999999999990E-002   4.9056623397086057        4.4787503082981066E-002
   5.5547999999999984       0.30116999999999999        4.8965603798790465      -0.42077022660409064     
   5.6870999999999992        4.6671000000000004E-002   5.0778638924683088      -0.45352937479033101     
   5.6870999999999992        4.6671000000000004E-002   5.2245061864379094      -0.43099926429626756     
   5.6114999999999995      -0.19894499999999996        5.3802426066864015      -0.34018021949819000     
   5.4416999999999982      -0.31184999999999991        5.4338208327698796      -0.30435967586546175     
   5.3834999999999988      -0.34325999999999995        5.6040763518049888      -0.19697962512839345     
   5.2988999999999988      -0.42797999999999992        5.5245764319105550        6.8208450438411491E-002
   5.2988999999999988      -0.42797999999999992        5.1812740306626113       0.11328921727188442     
   5.0930999999999989      -0.43193999999999988        5.0484430248900249       0.34911106292473515     
   4.7741999999999987        3.4781999999999993E-002   4.7713167548153192        2.6877275502418987E-002
   5.0531999999999986       0.35048999999999991        5.0852202890658464      -0.42980335751669368     
   5.0168999999999997       0.13972799999999999        4.9807614479182032      -0.32643434984509728     
   5.0168999999999997       0.13972799999999999        4.3367444538036448      -0.12109010246902804     
   4.8005999999999984       -7.7207999999999985E-002   4.0994495811480220       -8.9279769512111085E-002
   4.3775999999999993      -0.18220200000000000        4.3775228164796660      -0.17906610394383901     
   4.1030999999999995       -9.7310999999999981E-002   4.7983941571470430       -7.1673504553751641E-002
   4.0343999999999998       -2.6370299999999996E-002   4.8875949923757043       0.16803906475743124     
   4.0343999999999998       -2.6370299999999996E-002   4.6261328620148197       0.23153279028712556     
   3.9434999999999985        4.6334999999999994E-002   4.3951247108214213       0.49233562377257667     
   3.8751000000000002       0.33857999999999994        3.8672490467451048       0.33124030404725174     
   4.3967999999999989       0.49247999999999986        3.9387074661014547        4.4692647173597277E-002
   4.5059999999999985       0.26671200000000000        4.0320697761302728        2.6281371561794848E-002
   4.5059999999999985       0.26671200000000000        4.0319997913493921       0.12226251860846341     
   4.4525999999999986        5.0405999999999992E-002   4.1446500024605069        7.1718765556957248E-002
   4.3085999999999984       -4.1186999999999988E-002   4.3058269627129606       -3.5812889736549572E-002
   4.1495999999999986        7.9787999999999984E-002   4.4491272690255208        4.4670226942859652E-002
   4.0325999999999995       0.17296799999999996        4.4182545535835303       0.32756362937730732     
   4.0325999999999995       0.17296799999999996        4.2300597133298945       0.46881687282299139     
   3.9731999999999990       0.31379999999999991        4.2071288727363401       0.71623925088981411     
   3.9584999999999995       0.62015999999999993        3.9566980176394142       0.61768786772084827     
   4.2080999999999982       0.72350999999999988        3.9659435281894893       0.31320273328457598     
   4.1414999999999997       0.54395999999999989        3.8667142624414246       0.21059950297875363     
   4.1414999999999997       0.54395999999999989        3.5379382343004995       0.28832385043979414     
   3.9335999999999993       0.39089999999999986        3.2940835709007104       0.36705962162579436     
   3.4991999999999992       0.41309999999999997        3.4912168360553482       0.41175550063181393     
   3.2954999999999997       0.37163999999999991        3.9299520269125487       0.38507863420048000     
   3.3926999999999996       0.32357999999999992        4.0893255077001349       0.44556148387371286     
   3.3926999999999996       0.32357999999999992        3.9977071197616367       0.25302643062250751     
   3.5124000000000000       0.26418899999999995        3.9029358109117176       0.33104848805717280     
   3.6527999999999996       0.29742299999999994        3.6523878239449017       0.29540178729927413     
   3.9104999999999999       0.33455999999999997        3.5089109353074344       0.25983656520708875     
   3.9590999999999998       0.16242299999999998        3.4543134421552559       0.20073445111585567     
   3.9590999999999998       0.16242299999999998        3.5868484404470307       -4.6008744988614875E-002
   3.8921999999999994       -1.4536199999999999E-002   3.7329741741424165      -0.18815441093652227     
   3.8111999999999990      -0.14501099999999997        3.8045533531363631      -0.14320315512016085     
   3.7388999999999992      -0.19647299999999998        3.8851580184006513       -9.0042520561994729E-003
   3.6473999999999993      -0.16255199999999997        3.8864729752462015       0.19431884150156808     
   3.6473999999999993      -0.16255199999999997        3.7307837597393063       0.26257377901610357     
   3.5537999999999998       -5.3960999999999988E-002   3.7864207729582433       0.46552663977685094     
   3.6308999999999996       0.36680999999999997        3.6255004237060593       0.35809259739895866     
   3.7898999999999994       0.46760999999999986        3.5450375704305901       -5.3870080989262353E-002
   3.6578999999999993       0.30251999999999996        3.5833846626377199       -8.0898290469423970E-002
   3.6578999999999993       0.30251999999999996        3.4642707869717428        7.8547372167426688E-002
   3.4628999999999990       0.14784599999999998        3.3479026554261360       0.20596973766507462     
   3.2090999999999990       0.10658999999999998        3.2047734168339947        9.8453324865923356E-002
   3.3533999999999993       0.20701199999999995        3.4553616864852366       0.14333317338926072     
   3.4106999999999998       0.15439499999999995        3.6836111339213251       0.21751810406570443     
   3.4106999999999998       0.15439499999999995        3.7523269823532153        4.8021213464843705E-002
   3.4220999999999990        8.3804999999999963E-002   3.7598373016548656       0.13408754110990587     
   3.5174999999999996        8.0294999999999978E-002   3.5091340818701644        7.1626703457095070E-002
   3.7625999999999991       0.13981199999999996        3.4194527901914555        8.0734811833561293E-002
   3.7913999999999999       -3.6377999999999994E-002   3.5063472901054262        4.6842726973699386E-002
   3.7913999999999999       -3.6377999999999994E-002   3.7075668163402029      -0.17273370477292851     
   3.7439999999999993      -0.24157799999999999        3.7510379110487961      -0.30455821315173803     
   3.6977999999999991      -0.44684999999999991        3.6972262829941189      -0.43860595740603270     
   3.7556999999999996      -0.31181999999999993        3.7415693571842024      -0.23280973825854881     
   3.8129999999999993      -0.28308899999999992        4.0155530122345535       -3.3418446655867330E-002
   3.8129999999999993      -0.28308899999999992        4.4950329364176742       -3.3676764473715613E-002
   3.8429999999999986      -0.24057599999999993        4.5479171018460018       0.13424415220399799     
   3.9836999999999998        1.3910099999999998E-002   3.9835707249390246        8.9498720922497089E-003
   4.5539999999999994       0.14062500000000000        3.8401027757332069      -0.23269755893013983     
   4.7339999999999991       -4.2020999999999989E-002   3.9321340015617769      -0.31248193473893499     
   4.7339999999999991       -4.2020999999999989E-002   4.1882953060267853      -0.38568494727595443     
   4.7156999999999991      -0.25190699999999988        4.4045357091403021      -0.42081612330125640     
   4.5581999999999985      -0.40538999999999992        4.5565747468638174      -0.40282961989835697     
   4.4111999999999991      -0.42458999999999991        4.7086982297171343      -0.25065602065525189     
   4.3097999999999992      -0.42323999999999989        4.7408243248240245       -3.7499077940070437E-002
